13421
13501
21504
32610
33587
33806
33907
34126
34581
34582
35356
44197
44441
44454
44461
44649
44784
44981
52719
52798
52818
52837
52899
52918
52975
52979
53016
53018
53075
53098
53114
53132
53152
53238
53248
53250
53253
53270
53290
53327
53331
53334
53368
53399
53469
53479
53488
53509
53527
53564
53568
53571
53584
53588
53606
53609
53646
53649
53656
53703
53705
53707
53710
53742
53745
53753
53762
53804
53823
53843
53864
53904
53942
53949
54060
54080
54100
54120
54122
55520
55521
55522
55523
55524
55525
55526
55527
55528
55530
55531
55532
55533
55534
55535
55536
55537
55538
55539
